10,104
10,78
10,84
10,226
10,168
10,118
10,252
10,254
11,8
11,10
11,14
11,7
11,12
11,18
9,6
9,4
8,12
8,14
8,7
8,5
8,9
8,4
148,4
148,3
148,2
148,1
148,0
147,8
147,7
147,6
147,5
147,4
147,3
147,2
147,1
147,0
143,3
143,2
143,1
143,0
142,3
142,2
142,1
142,0
141,3
141,2
141,1
141,0
140,3
140,2
140,1
140,0
138,3
138,2
138,1
138,0
137,4
137,3
137,2
137,1
137,0
136,4
136,3
136,2
136,1
136,0
20,3
20,2
20,1
19,3
19,2
19,1
18,3
18,1
14,3
14,1
13,3
13,1
12,3
12,2
12,1
11,28
11,26
11,25
11,24
11,21
11,20
11,16
11,3
11,2
11,1
10,249
10,237
10,179
10,175
10,137
10,101
10,91
10,7
10,3
10,2
10,1
9,7
9,5
9,3
9,2
9,1
8,18
8,13
8,11
8,10
8,8
8,6
8,3
